10 2 1

0 28 18 31 17 31 11 39 22 22 11 
28 0 14 15 31 27 19 35 25 29 17 
18 14 0 26 15 16 36 14 33 11 19 
31 15 26 0 26 19 38 24 26 15 16 
17 31 15 26 0 22 32 20 29 25 17 
31 27 16 19 22 0 22 18 20 30 31 
11 19 36 38 32 22 0 13 10 32 28 
39 35 14 24 20 18 13 0 11 34 23 
22 25 33 26 29 20 10 11 0 17 25 
22 29 11 15 25 30 32 34 17 0 17 
11 17 19 16 17 31 28 23 25 17 0 

11 
11 
11 
11 
11 
11 
11 
11 
11 
11 

17 
27 

3 
1 
3 
4 
1 
1 
3 
2 
1 

34 
29 
