10 2 2

0 37 33 19 18 38 31 21 17 33 26 13 
37 0 23 38 20 27 21 26 20 14 33 16 
33 23 0 21 17 32 36 18 10 15 30 25 
19 38 21 0 31 16 39 28 16 35 14 27 
18 20 17 31 0 31 13 12 15 38 25 18 
38 27 32 16 31 0 31 20 27 33 36 25 
31 21 36 39 13 31 0 19 18 26 23 12 
21 26 18 28 12 20 19 0 19 26 13 38 
17 20 10 16 15 27 18 19 0 10 14 33 
33 14 15 35 38 33 26 26 10 0 25 38 
26 33 30 14 25 36 23 13 14 25 0 32 
13 16 25 27 18 25 12 38 33 38 32 0 

12 
11 
11 
12 
11 
12 
12 
11 
12 
11 

23 
20 

2 
4 
2 
1 
2 
3 
4 
1 
4 

16 
31 
